74
123
123
59
73
107
110
111
106
91
91
71
95
95
79
79
84
84
61
87
75
75
82
82
63
63
72
36
60
83
84
101
95
58
78
78
81
81
87
87
120
50
84
81
64
45
79
79
112
91
91
73
88
88
84
71
64
87
113
113
84
135
67
69
100
140
140
125
114
125
125
97
97
32
78
100
54
42
42
77
77
67
96
102
84
86
72
101
85
125
125
128
103
108
75
54
45
46
82
76
76
76
103
104
99
151
151
128
70
113
82
54
72
57
60
60
108
64
103
68
65
84
72
151
70
70
129
63
69
69
96
55
67
128
66
70
24
24
71
71
46
74
127
86
52
52
53
77
126
120
75
60
79
58
105
45
45
36
83
141
108
25
101
109
75
71
89
141
110
110
86
68
69
100
76
44
44
74
74
72
70
55
90
82
80
91
94
94
74
92
86
86
65
64
81
51
24
88
88
28
79
56
28
44
135
77
119
130
135
102
77
122
122
54
16
39
51
42
64
69
105
106
106
65
69
99
92
90
64
71
79
76
98
109
103
82
53
45
45
84
69
69
108
121
60
108
110
141
123
99
69
69
93
93
72
88
103
94
110
91
87
87
117
131
119
71
80
145
145
66
66
127
77
77
48
45
45
65
75
110
63
60
60
37
73
53
142
80
89
64
105
58
92
41
41
31
47
47
47
28
28
35
44
36
27
65
65
79
62
82
86
137
107
95
95
88
88
88
75
87
93
79
96
90
74
88
81
50
87
73
64
73
65
37
33
53
83
68
78
25
41
51
61
40
66
35
35
49
88
33
35
78
50
50
55
55
103
53
28
72
85
49
61
61
85
79
79
58
54
42
55
66
33
33
122
53
70
103
156
81
91
76
87
70
52
55
84
92
65
101
108
79
95
108
108
131
131
72
72
47
36
64
64
66
66
23
42
48
26
54
118
103
93
43
144
144
72
113
40
57
74
51
55
62
68
83
163
163
107
148
137
98
79
106
106
111
72
76
76
113
113
106
79
64
64
93
38
36
33
83
92
51
65
74
69
71
70
70
77
85
79
88
83
108
121
121
134
86
99
78
78
64
64
79
36
32
60
68
64
89
75
77
74
58
58
58
49
65
50
61
186
186
70
75
107
60
60
125
62
39
106
82
115
94
52
52
71
106
61
45
116
116
82
111
77
93
157
81
130
75
97
61
61
77
91
68
77
51
99
61
108
106
83
71
101
64
48
104
104
92
82
66
90
79
82
90
55
59
92
97
76
94
83
61
61
61
81
89
114
96
72
80
84
66
122
64
47
116
116
102
73
73
93
94
103
65
99
86
88
128
128
98
72
85
65
81
89
98
74
77
87
76
106
63
88
105
84
97
68
74
70
68
87
99
88
77
63
82
99
113
122
71
145
72
90
100
83
53
65
61
77
30
76
82
91
75
108
94
105
83
102
102
59
139
143
99
120
83
73
111
63
60
83
76
83
71
87
143
102
145
145
70
91
117
141
106
106
121
92
85
91
24
61
50
83
42
63
46
89
36
39
13
116
63
120
67
64
64
79
79
70
44
37
102
89
47
86
69
42
65
63
51
46
90
76
42
35
19
108
88
85
53
36
41
31
72
54
74
74
108
43
86
94
69
124
86
38
119
59
76
120
44
47
97
103
83
82
119
45
73
107
41
66
94
85
58
76
88
84
60
42
42
80
43
80
73
67
151
109
128
113
101
83
73
65
117
128
44
95
101
90
91
52
85
55
80
105
106
142
98
109
77
77
104
84
88
101
98
56
96
77
75
68
48
51
84
84
103
74
85
86
108
108
79
93
113
94
69
74
84
68
56
91
73
55
69
76
54
49
50
76
58
69
95
129
133
137
105
90
106
77
81
87
73
67
67
90
58
107
86
58
39
31
96
57
98
93
80
40
132
132
94
50
74
79
62
95
101
91
95
95
105
111
111
102
98
90
95
104
134
91
91
90
107
101
97
97
93
72
82
120
115
110
86
99
48
73
75
34
34
56
96
96
144
144
92
151
49
49
82
37
31
31
24
43
35
92
83
119
107
115
121
92
135
78
112
124
124
77
77
112
112
96
89
92
106
37
112
71
84
84
85
71
71
68
43
80
42
64
79
75
57
60
60
60
38
67
124
124
103
135
135
109
82
82
71
71
110
110
89
89
89
97
97
97
112
112
112
112
103
103
79
79
101
101
101
101
108
108
108
71
71
102
102
87
116
195
104
70
151
152
129
129
80
97
97
115
79
79
70
95
95
78
78
104
122
81
124
102
64
78
116
82
109
109
114
114
95
124
57
69
65
136
68
132
132
74
99
42
42
73
73
60
52
35
110
58
153
91
119
73
58
68
81
139
122
98
59
62
95
68
39
57
112
77
77
57
63
100
58
51
68
89
91
81
78
124
139
78
78
78
94
94
78
94
85
79
91
91
103
38
77
77
103
101
118
94
91
160
56
107
73
73
67
109
45
45
77
97
99
60
60
89
63
61
61
72
49
49
75
43
43
77
118
93
93
76
69
56
122
122
117
97
83
51
51
95
91
63
63
122
122
87
79
79
73
119
90
69
77
92
44
121
132
45
64
73
41
46
12
68
50
75
136
110
164
118
72
45
22
32
35
32
65
46
85
63
32
95
23
53
66
70
68
59
90
73
46
87
62
75
68
46
137
48
89
66
52
119
27
59
59
123
80
49
67
103
41
109
35
184
188
82
48
95
36
41
47
80
39
64
58
36
79
41
60
51
27
22
44
28
33
39
24
28
49
53
46
39
50
26
30
16
33
23
51
43
47
60
31
29
19
24
36
42
20
23
26
26
33
39
48
36
44
53
54
42
37
41
34
36
51
41
52
36
38
78
56
57
62
44
75
73
53
57
58
57
56
150
64
87
52
88
43
99
120
155
120
142
110
94
86
73
70
70
108
120
69
134
125
49
63
96
109
90
92
99
91
63
97
102
86
99
74
54
72
61
66
95
101
96
94
26
47
58
60
82
88
52
55
115
73
26
108
20
52
87
46
111
70
107
70
69
137
77
88
48
48
59
85
105
128
95
125
81
104
62
94
87
85
62
53
91
61
79
97
88
81
78
35
90
63
124
68
91
73
106
76
47
85
85
110
86
65
91
104
90
79
115
74
99
95
144
93
68
67
91
73
53
87
101
92
81
59
86
32
49
104
34
53
63
63
52
52
77
77
46
46
72
74
101
44
68
95
43
57
99
99
125
125
96
96
50
51
74
101
94
62
62
113
94
94
43
43
90
127
117
67
67
62
120
120
83
105
59
95
114
97
64
64
35
35
97
97
64
55
43
77
163
56
96
72
61
72
29
46
46
81
81
54
19
29
49
19
19
35
48
64
22
45
22
20
20
20
23
49
24
25
25
80
32
13
13
96
48
66
65
65
84
101
67
73
85
50
50
34
24
33
56
56
50
50
50
29
30
41
31
36
38
31
49
36
23
21
68
39
20
36
59
47
39
52
59
59
32
64
51
80
80
23
41
34
34
61
61
61
57
28
28
57
57
34
43
28
52
52
52
52
37
22
44
44
25
25
18
23
24
24
34
32
27
47
47
23
19
19
32
56
39
39
58
58
12
17
23
23
33
39
39
33
12
30
52
52
21
21
40
33
12
15
24
26
28
31
31
27
34
55
61
50
56
69
62
103
82
22
90
66
97
116
77
66
59
57
57
79
68
74
74
49
29
60
48
69
57
36
56
66
37
31
47
50
46
46
96
49
85
128
95
150
83
84
159
159
148
157
92
139
34
23
33
37
29
55
33
33
33
33
49
20
100
100
44
44
35
93
54
83
54
55
26
30
30
79
41
41
66
53
36
21
110
16
16
27
26
40
44
19
58
31
28
47
82
37
48
96
84
39
101
127
62
21
22
41
41
114
114
80
94
101
31
31
81
44
105
34
34
79
117
117
108
108
138
131
131
119
93
38
38
24
58
58
75
85
121
71
71
40
71
71
54
36
36
61
61
104
104
103
57
57
88
88
71
71
83
118
48
48
69
53
53
106
93
93
94
83
49
128
113
98
98
92
116
116
61
81
81
102
80
39
39
107
73
62
62
77
157
157
100
65
109
91
91
132
82
82
83
80
94
56
78
94
35
89
74
66
78
67
67
61
139
139
73
74
68
93
93
107
95
97
120
83
65
66
66
47
80
51
51
112
112
122
122
75
95
82
44
74
84
84
124
124
94
94
36
69
89
70
91
93
128
101
68
66
58
58
78
131
69
20
86
68
64
82
116
90
95
91
72
112
112
84
49
49
55
55
63
36
110
72
75
41
38
132
77
134
49
171
94
94
118
67
99
88
85
91
70
68
75
100
114
61
63
81
77
82
72
81
76
52
138
128
114
103
57
74
81
123
86
86
97
97
40
72
83
99
64
66
101
101
61
62
62
99
65
108
57
44
105
85
82
82
76
107
92
89
70
76
71
76
77
98
98
89
89
78
78
79
104
97
74
85
103
118
113
113
95
95
82
98
81
102
82
105
92
55
68
68
81
81
93
103
93
89
66
88
104
64
63
95
65
81
89
53
85
81
81
51
52
119
95
82
74
80
74
107
70
87
87
70
87
116
157
76
118
111
73
85
112
91
100
81
81
73
73
103
88
98
88
72
60
58
105
105
106
89
72
72
121
121
81
114
107
128
131
131
68
68
80
84
84
140
83
59
103
103
105
98
81
81
73
115
69
69
91
90
67
117
102
103
70
74
124
62
120
87
87
107
83
50
31
96
71
64
102
92
91
45
62
99
91
91
76
74
61
110
55
55
95
97
125
117
71
71
84
83
80
76
133
72
79
131
48
96
51
67
67
98
74
76
110
67
67
94
117
85
60
63
56
61
61
53
65
59
58
89
97
25
66
97
41
84
127
83
91
104
71
74
87
89
79
117
57
84
132
33
54
118
118
107
78
78
78
39
66
59
89
75
87
55
60
69
88
24
52
48
59
60
55
34
34
174
77
103
89
127
83
48
79
71
73
62
71
78
72
84
67
87
51
78
66
78
72
77
70
112
86
82
83
78
83
55
97
102
73
50
70
94
79
83
80
94
86
86
122
49
100
77
54
56
93
75
56
44
162
68
86
76
77
58
60
94
65
58
70
82
83
82
94
104
113
82
72
73
75
99
97
86
61
102
123
80
84
87
101
69
69
69
68
67
88
85
110
85
101
111
83
93
59
65
92
70
101
106
82
81
49
43
105
113
81
109
91
73
90
96
88
80
67
50
61
95
60
66
61
56
65
77
86
79
67
54
111
113
45
66
106
73
94
83
63
92
54
62
69
54
49
52
92
87
91
65
72
61
47
71
60
60
83
87
73
79
85
85
53
53
81
105
34
130
130
62
110
97
44
91
83
34
94
85
98
106
78
78
114
108
45
55
77
112
34
47
53
102
63
54
97
74
83
73
82
58
94
86
83
57
66
57
53
76
73
50
86
86
65
50
75
84
48
86
59
54
46
120
92
84
82
71
83
24
29
77
56
74
98
59
136
126
104
77
100
73
81
65
79
69
70
123
102
79
32
110
62
62
41
96
75
119
91
91
77
89
107
107
106
91
104
102
74
74
71
76
76
75
83
151
170
106
85
434
363
132
143
100
36
49
46
46
76
76
45
49
44
44
55
40
36
32
33
63
49
145
28
48
46
55
44
31
44
76
81
92
62
79
68
55
82
82
32
32
83
35
37
33
44
33
64
18
41
58
114
114
91
91
94
91
70
93
119
117
117
100
86
86
65
53
85
41
63
62
77
58
94
93
76
54
54
56
58
69
107
72
122
120
94
148
135
104
128
104
40
27
54
60
30
29
48
56
39
70
78
72
97
79
60
139
54
62
87
36
64
64
59
59
65
65
66
66
54
54
103
124
115
58
58
92
142
95
95
143
23
23
144
87
25
70
32
30
97
52
52
56
57
43
47
35
61
76
45
104
91
97
93
22
35
89
21
21
44
28
18
89
107
129
62
62
87
71
75
116
96
107
78
66
94
59
83
30
35
43
53
53
27
66
44
83
77
79
112
21
45
53
49
90
82
75
65
27
55
89
76
64
65
84
71
50
56
49
114
80
60
68
109
58
59
77
73
65
51
88
45
93
77
85
49
153
67
53
81
33
32
75
71
76
80
46
74
60
79
104
66
51
62
54
65
54
40
64
57
48
73
112
71
58
43
89
80
98
98
44
116
75
97
77
65
80
69
69
75
107
75
78
78
92
48
40
47
95
75
53
41
70
66
62
30
75
44
57
69
76
90
59
60
107
62
66
37
92
48
82
67
85
114
158
52
61
58
91
42
42
94
62
33
41
96
76
60
35
54
88
62
90
80
49
44
55
57
69
37
150
41
59
106
84
67
46
77
84
95
75
76
62
123
88
30
40
56
22
81
92
111
78
71
58
51
55
58
53
52
54
44
34
37
134
38
34
41
101
29
72
66
64
76
88
93
74
89
50
100
24
78
106
54
52
79
56
88
47
53
71
131
110
63
66
48
53
103
59
49
58
61
46
87
92
141
118
117
191
80
103
62
66
62
84
102
97
57
83
82
66
66
78
47
73
64
179
89
89
73
79
110
62
92
63
63
70
76
111
83
83
110
120
138
153
97
84
118
157
157
105
132
130
130
108
70
79
131
135
135
84
129
92
120
68
68
98
98
115
114
98
98
76
105
105
71
105
40
84
103
69
84
110
131
87
104
89
121
114
86
95
98
100
70
92
86
91
97
112
98
69
69
88
74
118
95
95
66
66
87
116
104
129
78
71
88
82
118
83
81
98
98
98
60
73
43
67
75
75
82
81
43
43
57
77
76
56
85
75
89
55
66
92
133
95
92
58
87
91
91
81
49
92
132
153
73
99
34
72
51
51
93
93
70
70
80
80
58
70
72
72
78
90
108
38
92
105
104
95
95
96
108
102
90
133
133
80
50
71
66
133
55
79
120
94
92
118
51
233
114
64
79
86
97
74
135
123
98
101
96
88
86
78
157
108
92
63
75
95
121
65
57
87
70
73
110
25
48
77
86
94
55
79
75
81
45
45
118
84
91
86
132
132
153
153
67
62
70
104
84
88
81
90
69
79
79
109
120
120
51
79
109
87
94
97
97
89
130
62
119
57
99
101
94
83
83
59
77
60
93
93
73
94
78
66
97
77
77
110
71
132
77
97
50
73
79
87
94
112
64
34
69
75
87
70
94
89
61
93
93
92
68
110
112
84
84
89
93
95
95
71
121
67
108
87
56
56
39
40
24
50
83
52
67
103
47
82
54
76
76
71
66
66
69
69
150
72
72
57
57
91
71
71
85
51
90
92
96
83
120
103
134
61
46
48
59
114
80
83
77
64
64
99
121
121
145
145
55
118
100
100
79
79
70
94
79
69
108
80
61
75
32
32
85
38
67
55
72
73
82
47
45
119
101
101
66
74
122
70
93
114
125
78
78
63
106
98
63
61
97
97
119
78
90
47
59
82
85
113
56
53
77
110
93
111
82
126
82
69
107
129
82
82
139
163
85
84
88
74
70
86
91
61
61
129
66
66
96
57
74
72
51
109
68
61
98
98
65
125
95
78
81
74
88
74
65
91
73
105
69
92
45
53
95
95
76
81
86
66
108
108
88
45
63
107
76
75
66
68
82
69
37
69
69
88
100
76
55
76
82
92
104
62
51
160
160
116
52
54
79
68
74
110
111
47
26
40
79
44
82
46
46
76
71
71
98
73
122
78
78
94
97
87
86
95
95
76
132
155
89
92
83
51
112
25
68
85
86
87
87
88
88
111
97
92
91
65
76
80
45
86
86
77
101
101
103
103
80
80
88
83
91
149
85
93
66
83
120
104
129
106
47
67
44
60
64
30
50
45
86
86
63
76
72
42
67
49
29
74
44
37
90
57
29
34
26
38
39
65
87
25
93
58
104
100
28
73
106
77
115
111
103
74
87
115
96
88
110
80
116
73
85
42
54
53
55
45
67
89
79
95
66
57
65
59
107
68
84
53
71
79
79
109
43
43
84
73
95
87
87
61
87
97
97
63
61
104
107
106
138
76
68
101
95
24
57
100
79
67
50
45
88
5
66
90
84
39
64
85
59
74
93
131
110
92
100
65
48
48
88
87
59
65
89
98
90
81
89
52
47
61
68
60
69
32
32
33
74
87
101
69
62
59
56
75
73
70
70
100
60
100
23
68
66
58
120
74
68
113
63
84
84
85
85
87
65
113
113
108
45
72
54
112
74
56
132
128
135
54
62
64
76
57
87
83
83
52
58
53
79
112
83
71
148
67
90
26
80
80
93
87
53
53
50
50
57
42
73
55
51
75
104
53
53
71
71
85
85
64
38
67
113
121
92
57
89
115
115
87
26
95
77
67
99
67
89
32
55
46
51
38
117
60
45
39
69
92
100
84
74
76
76
71
78
62
60
77
78
58
58
44
60
60
69
65
91
91
46
120
82
51
51
53
10
10
115
120
86
71
103
120
103
86
44
52
82
93
68
75
64
86
110
75
97
88
94
86
86
69
71
71
71
80
40
40
85
82
82
73
73
63
50
48
87
78
100
86
91
82
82
82
84
65
99
133
80
44
54
54
72
75
68
34
34
66
82
50
50
65
70
96
102
94
56
96
63
57
66
36
43
100
120
120
138
138
87
77
73
60
45
46
102
88
88
75
52
52
53
70
37
34
40
26
68
69
44
44
68
24
62
55
48
71
43
43
67
51
45
42
40
34
67
67
67
67
75
6
6
49
56
75
29
56
32
39
24
37
40
38
34
81
121
76
50
58
40
38
47
45
18
22
116
84
56
74
67
95
81
48
50
54
80
57
57
96
91
52
62
65
94
65
95
73
81
66
59
116
64
72
92
77
55
114
119
89
84
60
81
68
80
101
93
77
53
66
96
84
85
77
57
58
89
37
86
90
41
58
56
82
94
84
85
53
57
101
93
50
53
130
92
76
101
70
36
92
84
53
111
79
55
61
96
46
51
104
105
84
83
128
46
59
62
62
25
86
55
47
53
37
96
36
111
84
62
66
32
31
74
84
58
68
61
68
97
138
56
54
70
74
125
70
89
99
96
83
68
103
118
155
48
68
88
103
46
77
104
139
151
115
119
79
117
68
39
114
61
62
71
56
51
72
109
75
109
110
86
93
99
58
86
119
53
70
104
106
105
67
67
64
84
129
53
95
68
89
88
101
85
82
67
98
51
79
51
105
79
64
82
81
113
101
98
120
90
156
72
101
83
63
94
41
61
80
86
58
75
78
72
109
67
92
114
101
108
87
90
79
77
35
92
104
103
55
89
112
116
82
79
77
94
75
84
57
85
76
86
56
66
70
61
66
117
66
41
47
68
68
63
86
86
57
58
58
75
76
57
90
63
95
73
105
86
110
108
108
33
33
108
104
119
116
82
34
41
41
33
33
47
47
91
91
91
40
109
103
103
59
82
80
26
44
140
140
91
91
33
94
95
46
86
42
52
52
37
80
52
50
38
38
44
40
40
58
58
36
36
31
20
31
61
39
29
54
39
61
61
24
24
64
64
78
46
46
148
106
135
148
143
62
31
44
85
44
67
52
54
73
73
66
113
44
59
61
39
55
34
52
21
40
77
33
93
40
36
55
80
68
74
80
119
101
104
66
112
48
94
88
73
81
121
74
89
78
50
32
74
86
103
82
82
51
73
122
88
72
63
70
101
70
81
64
85
87
78
74
84
65
80
104
154
82
104
59
50
65
98
129
65
93
87
68
136
87
87
114
66
73
88
104
138
94
103
93
77
141
29
50
99
46
136
131
81
104
83
105
106
70
114
69
102
100
50
73
85
78
148
89
99
196
119
70
122
80
107
96
117
97
69
116
64
117
73
131
80
58
62
70
114
53
101
107
71
98
51
40
94
124
79
116
88
92
96
73
59
89
143
111
128
40
108
80
99
62
105
103
75
269
118
89
102
115
117
132
78
83
110
65
50
76
59
119
101
103
79
81
73
80
80
25
51
81
51
38
39
63
87
106
98
51
80
60
79
87
24
23
27
26
28
119
112
123
30
128
81
33
48
56
50
33
28
46
37
45
49
48
23
66
75
27
30
73
31
96
34
40
87
47
46
73
48
49
63
81
46
42
80
112
76
97
45
35
78
73
29
100
22
35
78
44
14
68
63
52
69
72
44
35
70
67
51
97
32
72
95
87
37
37
35
49
58
79
42
81
50
65
64
92
30
54
22
22
76
101
37
77
74
27
112
54
76
60
42
73
34
103
84
45
50
64
60
66
96
119
93
66
101
78
61
105
114
114
77
92
97
77
100
72
55
61
62
31
68
87
96
57
80
77
53
123
50
83
91
63
80
79
102
102
70
108
56
81
56
121
88
43
49
62
62
434
72
72
32
12
28
40
42
27
70
74
66
94
137
126
22
49
87
68
114
118
32
115
104
33
53
87
80
115
119
64
131
93
110
84
71
92
87
96
68
108
94
127
96
50
19
42
77
70
91
62
61
57
60
57
57
45
49
35
55
47
41
44
71
74
77
65
62
87
107
113
120
96
138
113
175
54
73
134
90
110
81
52
45
94
56
139
61
95
152
107
116
80
127
109
68
85
100
76
53
79
108
101
142
120
75
140
55
91
104
79
89
102
130
77
87
84
96
88
85
84
111
109
67
92
65
58
92
150
131
129
77
58
58
51
51
46
100
65
92
102
85
43
76
76
77
77
108
119
59
71
71
63
63
63
112
112
88
88
139
139
117
78
78
75
49
80
87
96
69
98
43
43
38
46
21
68
61
54
23
94
48
89
89
97
73
62
103
103
107
110
96
121
114
88
62
85
85
79
88
110
56
71
100
72
128
89
62
81
110
86
85
95
113
107
105
87
87
54
39
145
74
62
23
71
129
106
130
130
127
90
143
102
84
100
82
20
40
64
108
38
54
45
43
89
74
76
70
24
74
71
10
47
67
106
112
98
86
99
61
103
75
72
23
48
54
89
82
92
95
93
66
74
85
78
119
77
84
95
68
55
79
59
118
60
76
71
70
90
75
67
69
82
106
127
73
93
101
66
109
103
88
89
85
83
113
103
74
96
113
79
83
70
76
70
83
80
120
108
92
97
111
85
75
79
103
103
100
90
95
67
69
118
91
69
118
82
88
65
85
70
69
61
64
70
94
79
89
67
102
87
111
79
112
63
72
151
92
98
74
79
88
66
58
98
77
57
121
96
44
106
122
90
84
133
95
110
103
76
86
81
92
108
94
92
79
62
118
117
56
56
78
68
84
71
58
53
67
44
97
61
90
91
47
24
115
88
77
95
104
111
42
73
86
57
106
72
105
62
82
114
86
74
84
83
107
115
92
55
63
62
96
108
58
87
49
71
85
79
91
29
22
62
79
131
72
74
24
20
59
114
80
56
59
76
62
65
60
85
94
108
99
113
130
120
84
61
108
43
89
83
74
49
138
40
60
82
72
78
93
97
77
101
41
65
32
74
90
69
111
118
88
70
62
75
82
80
124
83
108
52
59
78
60
98
71
56
78
97
77
148
87
143
101
95
73
138
103
105
73
132
58
51
23
42
77
114
28
84
104
65
97
83
85
71
63
23
58
95
81
77
73
159
276
40
43
67
22
22
26
133
44
69
43
28
66
56
34
21
32
47
27
37
41
38
15
27
35
15
24
57
31
64
39
51
46
25
39
63
21
69
26
34
37
31
30
97
22
73
113
55
62
24
86
72
124
108
31
74
97
83
95
97
50
97
100
80
73
62
80
82
110
70
74
105
65
97
105
68
72
81
65
59
105
108
91
87
77
95
57
86
58
142
83
92
56
62
51
99
99
102
112
112
120
90
85
83
72
86
106
86
104
108
124
98
90
82
109
53
28
49
122
109
101
93
74
75
101
113
78
119
37
94
83
70
92
89
71
98
71
73
98
53
87
95
66
105
76
88
185
96
64
135
46
77
69
87
70
118
91
133
138
77
98
47
68
59
80
154
85
89
61
84
33
95
104
86
91
85
96
60
91
71
50
99
90
67
104
72
83
65
97
60
88
72
172
103
115
100
70
114
81
107
65
98
88
78
125
112
77
81
82
77
117
58
83
73
97
149
104
118
78
71
72
87
113
24
30
91
75
116
97
93
68
104
111
80
41
62
89
57
69
52
75
82
47
34
67
54
85
154
143
132
106
95
114
84
82
61
63
78
109
61
43
76
40
63
79
66
91
62
80
80
78
78
40
40
40
89
86
100
111
69
54
80
80
85
67
112
115
111
110
88
132
143
85
130
91
86
102
85
105
107
77
81
100
77
55
67
65
63
86
99
86
84
100
79
81
140
91
129
130
121
140
136
94
112
104
127
99
90
79
90
101
89
65
77
57
78
61
110
49
43
93
87
136
61
67
106
64
117
68
62
76
117
84
78
66
90
93
37
145
96
81
97
101
110
103
129
105
51
71
99
102
88
102
83
135
121
98
64
101
31
31
57
47
64
121
121
83
75
95
28
71
71
49
80
258
258
58
58
133
32
93
51
46
36
26
90
40
57
64
64
44
94
42
82
82
93
93
122
93
122
122
114
114
116
116
75
113
96
135
135
145
118
118
89
34
23
19
51
51
82
50
38
61
50
30
48
48
40
37
37
26
33
39
26
27
150
133
101
33
45
35
71
71
71
74
109
110
89
58
58
124
70
16
51
51
28
45
18
27
66
48
54
44
69
71
55
89
89
47
57
73
67
69
54
54
78
101
101
94
85
100
91
55
83
92
73
59
41
52
54
96
89
80
107
127
65
88
99
83
83
77
77
70
70
76
76
104
103
98
98
86
76
76
39
39
89
89
107
77
77
109
89
39
87
55
55
80
72
103
103
119
97
133
102
122
154
67
51
42
42
78
89
97
80
68
56
82
66
103
74
86
82
84
135
135
61
68
68
110
84
84
80
80
90
90
43
84
100
84
79
104
70
42
42
74
94
94
69
93
75
78
55
55
84
108
106
115
115
93
85
62
62
121
79
64
79
79
104
62
98
98
72
72
73
73
74
74
75
75
81
69
78
64
98
84
110
127
90
90
35
101
92
70
124
124
102
123
123
81
81
68
104
100
54
60
50
67
87
96
89
81
51
102
18
81
81
91
91
85
76
91
109
80
109
98
79
89
108
95
87
86
120
99
92
140
76
131
58
111
85
25
86
103
88
44
93
48
48
75
75
53
70
71
71
57
26
45
45
21
8
8
122
24
39
35
35
27
27
27
27
72
49
96
76
33
17
32
29
93
72
76
72
159
85
50
29
56
56
82
75
79
97
74
98
71
69
97
37
65
67
78
53
58
66
67
57
60
67
41
44
29
29
138
138
61
61
40
88
99
99
69
73
84
71
67
55
81
76
76
86
94
77
65
111
75
108
42
80
79
80
109
79
107
85
90
77
78
59
71
62
87
91
90
80
69
77
100
80
58
89
109
102
80
134
104
84
46
73
136
137
129
132
83
89
55
55
50
58
75
56
70
75
69
65
47
43
62
60
49
84
91
105
57
71
86
84
114
95
84
80
120
78
76
83
79
75
93
86
82
83
93
71
197
75
113
88
93
86
68
94
76
62
60
60
118
88
84
78
91
126
96
120
69
79
74
75
93
81
72
71
92
73
100
98
71
102
66
72
100
61
66
66
59
75
57
57
122
101
81
79
95
95
145
80
84
65
103
84
101
101
114
71
71
81
129
78
105
95
87
78
80
82
85
85
43
123
85
85
35
51
30
105
76
74
60
60
46
46
65
63
72
49
65
101
102
96
100
57
57
30
30
78
56
56
78
78
58
58
70
70
61
106
119
41
115
115
66
39
58
77
71
97
89
66
66
90
45
87
76
131
106
110
97
104
107
97
103
81
75
49
146
66
63
88
94
50
58
74
109
53
69
110
100
88
78
77
77
91
96
92
49
100
132
115
103
92
86
130
112
101
101
95
85
84
87
80
85
99
125
98
85
56
137
73
71
101
71
49
81
91
115
107
70
81
119
325
32
41
117
70
61
92
99
49
152
95
89
53
86
78
94
118
79
109
104
44
74
83
64
117
58
57
84
83
80
45
67
101
106
74
92
164
85
107
90
89
104
73
22
60
104
72
72
72
84
113
64
363
143
61
57
46
38
60
30
24
44
109
126
111
78
69
74
119
111
111
109
102
93
56
70
69
56
72
72
72
85
71
23
107
80
42
26
82
66
66
53
33
50
99
99
124
94
41
31
31
55
59
82
58
95
121
78
78
119
68
96
88
31
78
72
67
89
47
82
86
118
98
88
104
149
94
103
85
113
85
92
97
43
122
32
52
75
112
99
79
92
62
53
61
93
93
44
77
85
126
64
81
92
83
83
90
90
48
48
72
72
127
77
72
72
90
90
51
56
77
85
118
45
78
68
88
116
96
98
116
41
83
83
102
59
90
52
99
118
96
71
90
103
63
92
55
85
85
63
59
50
50
121
121
105
71
96
57
40
40
92
86
65
50
92
93
75
82
66
53
53
63
62
91
95
85
116
58
122
83
105
106
95
77
98
61
86
85
82
103
85
40
53
100
73
80
106
133
106
102
85
42
64
16
19
48
42
80
54
65
63
43
59
59
51
50
24
80
57
24
41
65
30
60
59
54
30
117
23
29
14
37
43
81
37
46
19
63
81
115
40
35
67
101
64
82
82
72
17
51
85
88
106
67
40
67
37
76
192
66
71
73
53
98
56
36
20
18
83
40
90
25
40
146
59
23
70
113
101
107
82
47
47
53
53
110
123
97
126
65
94
65
50
61
73
91
90
87
120
58
82
91
94
74
88
66
102
124
116
92
102
70
63
82
72
40
38
102
129
114
112
133
42
54
68
86
77
53
36
72
92
75
90
89
79
106
114
154
92
98
119
66
126
88
160
80
94
111
94
66
73
112
89
80
49
76
69
62
192
65
77
76
79
60
102
120
80
119
72
104
68
86
108
99
88
86
54
56
103
39
59
65
51
64
47
77
94
66
99
65
64
67
66
65
67
72
73
54
67
76
65
64
53
51
93
46
62
73
48
63
62
101
117
104
107
125
67
89
92
91
77
93
68
96
86
90
79
80
77
91
59
81
43
44
97
69
110
86
68
80
71
97
52
95
48
46
47
84
45
95
54
78
95
77
75
82
76
96
92
77
71
77
107
85
108
100
73
24
52
51
63
102
61
88
76
100
51
75
53
67
69
51
60
56
60
82
45
70
46
83
62
53
50
59
78
70
23
67
92
103
93
87
86
52
75
107
70
76
101
75
82
117
87
44
94
36
34
101
93
102
147
121
81
64
100
70
51
74
108
46
46
121
42
79
36
29
73
81
109
40
79
69
31
83
39
115
75
82
105
81
75
107
67
72
56
57
76
65
50
59
40
56
67
46
62
34
47
55
50
69
60
88
90
80
76
161
74
148
79
75
72
49
43
81
93
122
82
16
23
118
78
131
125
120
140
98
76
62
120
61
77
86
57
127
116
61
86
54
82
86
89
126
121
103
82
81
85
43
106
61
59
89
87
108
72
52
104
104
68
65
68
23
143
65
48
93
79
66
66
62
80
49
59
67
68
66
66
90
89
61
119
75
98
135
52
66
97
80
62
91
71
78
97
71
123
87
110
116
88
57
149
143
103
84
106
68
114
56
82
35
62
85
87
115
65
91
86
114
119
75
53
76
64
74
80
107
94
102
117
69
111
88
107
95
20
22
38
23
25
102
32
95
26
45
118
51
56
99
73
36
91
65
19
33
100
72
34
70
84
32
60
102
26
136
131
118
78
111
148
164
119
137
143
124
98
88
129
131
160
129
90
48
82
75
107
120
106
149
143
92
94
126
73
28
65
90
108
61
63
50
46
64
58
116
76
96
119
105
89
108
118
116
108
108
97
72
88
41
55
109
80
95
93
55
65
65
58
42
28
71
86
74
99
83
93
96
124
79
80
78
79
49
94
102
94
41
116
64
88
90
64
97
125
57
89
77
96
62
70
90
88
58
66
113
85
100
84
91
83
130
102
134
151
71
56
91
66
60
94
75
113
71
97
28
97
113
36
57
79
26
55
45
77
76
61
82
82
65
27
131
71
76
48
65
76
151
110
92
80
54
58
74
94
63
88
41
82
153
153
80
90
95
95
78
69
76
77
87
95
82
80
90
103
34
41
68
53
93
93
93
48
53
70
70
57
58
36
83
83
96
77
77
110
54
90
73
73
86
102
68
46
54
54
107
110
69
118
54
85
79
72
65
80
93
111
126
126
78
75
113
64
70
70
60
60
39
69
69
74
45
52
100
123
57
55
55
115
93
127
62
62
42
36
44
85
132
76
76
110
101
76
65
104
106
70
60
55
55
37
37
72
67
94
134
73
65
46
29
45
90
104
57
59
59
71
74
68
60
60
68
83
74
74
87
87
77
77
58
83
94
84
71
97
97
97
97
116
97
97
107
94
105
118
91
43
85
97
88
59
23
68
79
79
69
41
89
66
102
104
62
27
105
42
39
33
51
80
94
111
98
98
111
117
56
96
69
69
143
143
80
123
123
114
47
61
85
53
53
67
72
34
45
76
76
72
72
49
79
52
76
66
97
118
132
81
66
89
89
80
80
87
122
82
63
104
66
77
42
80
37
37
77
77
73
55
30
34
90
197
67
59
30
32
32
49
52
52
133
51
61
71
64
64
45
82
82
123
101
22
136
57
76
55
124
90
84
91
128
77
74
46
28
37
52
50
49
86
41
112
126
67
52
46
37
112
86
89
43
61
75
46
28
23
31
44
79
31
68
63
85
51
39
91
37
69
16
21
63
65
107
46
63
72
66
87
77
40
34
28
41
28
60
102
66
98
90
99
75
38
46
81
71
59
44
62
51
76
73
44
88
78
36
59
69
88
69
104
74
31
9
53
85
126
68
42
42
102
63
75
53
55
39
45
120
61
138
49
38
57
42
108
52
88
91
79
68
86
71
71
78
102
93
58
43
43
74
74
67
72
72
83
84
84
27
93
93
117
68
59
89
118
80
70
89
92
76
94
99
84
68
31
74
58
89
153
50
64
103
77
86
86
132
97
84
101
88
97
97
106
106
76
108
79
92
91
103
76
83
151
75
75
107
86
86
66
95
95
53
106
76
76
64
111
111
88
95
95
121
121
53
149
97
121
77
78
84
98
56
80
51
81
119
29
29
47
36
36
23
53
53
60
84
84
65
66
26
33
67
67
38
67
26
61
48
48
68
38
40
58
58
60
60
88
68
66
37
25
25
64
64
30
77
77
29
29
25
25
27
27
34
34
47
31
60
66
66
48
33
33
52
48
48
85
61
72
89
33
57
37
37
134
134
50
72
72
59
79
17
124
45
135
82
82
97
93
133
108
65
78
84
59
30
28
28
63
32
62
88
60
128
68
141
79
98
119
26
26
42
42
51
51
62
49
49
51
51
68
113
84
54
74
76
85
44
56
47
53
57
57
38
63
63
33
78
88
85
109
98
62
62
82
31
73
67
62
71
111
122
83
133
107
111
151
111
92
96
97
58
115
78
49
113
77
98
76
85
62
102
119
101
92
77
88
50
61
84
33
75
87
87
79
52
121
97
83
99
99
106
96
114
76
113
113
90
83
83
143
94
79
79
143
129
32
39
81
102
96
139
139
145
60
43
78
78
67
68
53
53
58
29
73
93
83
75
23
23
67
99
112
152
100
83
42
68
54
57
39
76
61
70
89
99
99
93
56
58
29
73
134
75
104
104
88
88
71
39
21
68
57
117
67
80
110
77
92
79
80
84
66
85
57
82
89
99
88
60
90
87
101
47
90
97
94
80
76
34
115
114
93
85
44
108
100
73
102
81
116
116
49
72
62
54
102
64
64
114
95
94
98
56
74
102
93
87
97
88
96
95
95
88
141
64
91
108
118
111
53
109
86
81
52
86
99
76
79
74
89
111
64
85
75
92
67
76
66
78
80
61
27
166
76
80
60
74
97
67
72
72
63
107
28
122
73
67
122
76
94
104
58
60
46
102
93
105
107
57
30
72
96
79
78
149
77
123
189
48
44
40
28
43
32
46
74
71
84
92
94
113
20
63
58
89
62
47
19
43
46
51
37
165
53
78
69
78
46
77
32
39
90
20
15
59
53
59
38
38
55
59
59
39
43
50
37
45
63
64
14
54
20
45
46
14
72
82
27
34
87
69
106
78
80
28
31
62
63
41
40
58
105
56
70
54
45
50
32
18
24
57
46
37
92
93
73
53
39
55
68
65
113
97
34
85
81
96
148
116
118
110
37
57
35
69
24
106
96
76
101
67
97
102
77
54
32
21
128
72
79
64
83
73
80
93
84
88
71
72
58
86
57
86
50
59
93
105
42
27
27
95
90
90
67
87
114
86
24
96
85
51
31
65
73
98
71
85
53
64
47
56
7
77
40
41
96
41
33
34
87
127
142
61
99
91
88
58
112
156
99
67
57
42
67
102
85
41
61
49
67
12
29
102
110
76
110
59
95
111
101
177
35
45
79
104
110
148
110
68
63
84
72
47
72
86
88
76
57
102
64
85
70
60
82
94
54
105
96
98
104
95
127
67
16
54
93
61
131
84
60
60
53
61
72
69
79
73
77
126
126
56
59
37
39
44
60
67
65
80
43
52
68
118
56
146
95
76
75
102
88
85
143
46
48
42
29
28
76
53
30
54
44
37
42
52
69
60
21
50
48
79
83
91
61
90
77
76
67
97
69
46
29
54
65
79
111
60
43
60
34
52
33
75
47
46
55
53
58
50
86
83
108
62
49
61
55
65
68
58
57
47
45
41
36
20
43
59
52
75
106
110
45
81
136
84
103
25
100
30
25
63
48
20
38
62
57
61
70
52
87
53
58
77
49
59
126
77
93
33
66
61
70
90
128
60
67
72
42
56
79
45
75
57
69
47
23
57
50
34
22
31
33
47
33
130
93
25
41
16
42
40
18
64
46
34
79
43
60
17
74
51
58
81
120
117
92
66
68
59
75
82
45
49
83
88
87
85
92
81
52
73
56
79
80
149
101
108
39
91
75
77
57
108
53
60
22
24
24
43
42
113
37
66
61
43
54
90
85
88
68
66
60
82
57
73
51
113
121
33
77
39
72
86
53
98
37
37
116
125
109
94
140
66
90
62
53
45
84
56
72
73
52
84
98
40
78
57
74
82
55
22
92
50
55
32
43
76
40
70
65
70
63
93
79
116
89
59
70
48
106
99
94
52
21
67
86
53
78
65
115
89
82
95
75
57
43
31
56
63
62
45
119
140
81
80
99
132
81
119
53
77
92
139
76
116
98
101
70
101
105
139
48
95
91
46
31
